[
[1.000, 0.000, 0.000], #red
[0.984, 0.254, 0.254],
[0.819, 0.000, 0.000],
[0.917, 0.101, 0.101],
[0.980, 0.000, 0.066],
[0.901, 0.066, 0.000],
[0.760, 0.015, 0.000],
[1.000, 0.500, 0.000], #orange
[0.760, 0.317, 0.000],
[1.000, 0.462, 0.078],
[0.890, 0.400, 0.050],
[1.000, 0.360, 0.000],
[0.760, 0.274, 0.000],
[0.992, 0.607, 0.050],
[1.000, 1.000, 0.000], #yellow
[0.858, 0.858, 0.101],
[1.000, 0.913, 0.121],
[0.886, 0.960, 0.000],
[0.800, 0.792, 0.000],
[0.960, 0.952, 0.141],
[0.878, 0.925, 0.317],
[0.000, 1.000, 0.000], #green
[0.219, 1.000, 0.219],
[0.192, 0.858, 0.000],
[0.254, 0.694, 0.007],
[0.054, 0.694, 0.007],
[0.168, 0.647, 0.133],
[0.231, 0.941, 0.176],
[0.000, 0.000, 1.000], #blue
[0.000, 0.592, 1.000],
[0.117, 0.639, 0.745],
[0.101, 0.956, 0.913],
[0.121, 0.101, 0.956],
[0.101, 0.396, 0.956],
[0.101, 0.286, 0.635],
[0.435, 0.000, 1.000], #indigo
[0.541, 0.168, 0.886],
[0.294, 0.000, 0.509],
[0.588, 0.513, 0.925],
[0.615, 0.000, 1.000], #violet
[0.447, 0.082, 0.674],
[0.666, 0.082, 0.674],
[0.509, 0.000, 0.521],
[0.662, 0.117, 0.592],
[0.580, 0.180, 0.486],
[0.776, 0.384, 0.937],
[0.000, 0.000, 0.000], #black
[0.000, 0.000, 0.000], #black
[0.000, 0.000, 0.000], #black
[0.000, 0.000, 0.000], #black
[0.000, 0.000, 0.000], #black
[0.000, 0.000, 0.000], #black
[0.000, 0.000, 0.000], #black
[1.000, 1.000, 1.000] , #white
[1.000, 1.000, 1.000] , #white
[1.000, 1.000, 1.000] , #white
[1.000, 1.000, 1.000] , #white
[1.000, 1.000, 1.000] , #white
[1.000, 1.000, 1.000] , #white
[1.000, 1.000, 1.000]  #white
]
---
[
[1, 0, 0, 0, 0, 0, 0, 0, 0] | 7,
[0, 1, 0, 0, 0, 0, 0, 0, 0] | 7,
[0, 0, 1, 0, 0, 0, 0, 0, 0] | 7,
[0, 0, 0, 1, 0, 0, 0, 0, 0] | 7,
[0, 0, 0, 0, 1, 0, 0, 0, 0] | 7,
[0, 0, 0, 0, 0, 1, 0, 0, 0] | 4,
[0, 0, 0, 0, 0, 0, 1, 0, 0] | 7,
[0, 0, 0, 0, 0, 0, 0, 1, 0] | 7,
[0, 0, 0, 0, 0, 0, 0, 0, 1] | 7
]